Topic      : Recall     | Precision  | F5         | SO         | Time       | 
CD009519   : 0.5        | 0.411765   | 0.495913   | 0.98292    | 2.6037     |
CD011984   : 0.385965   | 0.396396   | 0.386356   | 0.945721   | 5.8507     |
CD011975   : 0.319876   | 0.380074   | 0.321836   | 0.933789   | 5.8443     |
Time Taken :14.3543
