Topic      : Recall     | Precision  | F5         | SO         | Time       | 
CD009519   : 0.785714   | 0.271605   | 0.732394   | 0.945747   | 1.5865     |
CD011984   : 0.856557   | 0.236961   | 0.778287   | 0.784352   | 4.774      |
CD011975   : 0.825503   | 0.250254   | 0.758449   | 0.759834   | 5.0363     |
Time Taken :11.437
