Topic      : Recall     | Precision  | F5         | SO         | Time       | 
CD009519   : 0.44898    | 0.628571   | 0.453968   | 0.988279   | 0.3431     |
CD011984   : 0.314286   | 0.381503   | 0.31643    | 0.957702   | 0.9267     |
CD011975   : 0.311321   | 0.45       | 0.315055   | 0.94625    | 0.9657     |
Time Taken :2.2659
