Topic      : Recall     | Precision  | F5         | SO         | Time       | 
CD009519   : 0.340426   | 0.484848   | 0.344371   | 0.988948   | 11.0565    |
CD011984   : 0.231884   | 0.315789   | 0.234278   | 0.962836   | 18.9886    |
CD011975   : 0.24359    | 0.361905   | 0.246692   | 0.948693   | 18.028     |
Time Taken :48.1797
