Topic      : Recall     | Precision  | F5         | SO         | Time       | 
CD009519   : 0.442308   | 0.534884   | 0.445272   | 0.985599   | 2.7281     |
CD011984   : 0.301255   | 0.418605   | 0.304539   | 0.957946   | 5.8414     |
CD011975   : 0.368421   | 0.390335   | 0.369218   | 0.934278   | 5.9178     |
Time Taken :14.5466
