Topic      : Recall     | Precision  | F5         | SO         | Time       | 
CD009519   : 0.404255   | 0.612903   | 0.409619   | 0.989618   | 0.3486     |
CD011984   : 0.323671   | 0.385057   | 0.325668   | 0.957457   | 0.8284     |
CD011975   : 0.291667   | 0.404444   | 0.294829   | 0.945028   | 0.7708     |
Time Taken :1.9771
