Topic      : Recall     | Precision  | F5         | SO         | Time       | 
CD009519   : 0.880952   | 0.195767   | 0.776433   | 0.936705   | 0.0142     |
CD011984   : 0.820175   | 0.227771   | 0.745591   | 0.799267   | 0.0059     |
CD011975   : 0.84472    | 0.278974   | 0.783601   | 0.761788   | 0.0053     |
Time Taken :1.1499
