Topic      : Recall     | Precision  | F5         | SO         | Time       | 
CD009519   : 0.851064   | 0.207254   | 0.760234   | 0.935365   | 1.709      |
CD011984   : 0.859903   | 0.206257   | 0.766479   | 0.788998   | 4.7871     |
CD011975   : 0.814103   | 0.271949   | 0.756125   | 0.771806   | 5.1134     |
Time Taken :11.6506
