Topic      : Recall     | Precision  | F5         | SO         | Time       | 
CD009519   : 0.795918   | 0.256579   | 0.736383   | 0.949096   | 0.0032     |
CD011984   : 0.780952   | 0.221323   | 0.711734   | 0.818826   | 0.0047     |
CD011975   : 0.836478   | 0.285102   | 0.778566   | 0.77205    | 0.0047     |
Time Taken :1.3921
