Topic      : Recall     | Precision  | F5         | SO         | Time       | 
CD009519   : 0.403846   | 0.807692   | 0.411765   | 0.991293   | 0.3084     |
CD011984   : 0.313808   | 0.46875    | 0.317848   | 0.96088    | 0.6895     |
CD011975   : 0.357895   | 0.380597   | 0.358718   | 0.934522   | 0.8819     |
Time Taken :1.9097
