Topic      : Recall     | Precision  | F5         | SO         | Time       | 
CD009519   : 0.714286   | 0.555556   | 0.706522   | 0.981916   | 0.3695     |
CD011984   : 0.333333   | 0.417582   | 0.33594    | 0.955501   | 0.7591     |
CD011975   : 0.332298   | 0.402256   | 0.334536   | 0.935011   | 0.7381     |
Time Taken :1.8946
