Topic      : Recall     | Precision  | F5         | SO         | Time       | 
CD009519   : 0.826923   | 0.225131   | 0.749832   | 0.936035   | 1.6757     |
CD011984   : 0.807531   | 0.239157   | 0.7399     | 0.802689   | 4.6905     |
CD011975   : 0.824561   | 0.246073   | 0.756188   | 0.766675   | 5.2912     |
Time Taken :11.6997
