Topic      : Recall     | Precision  | F5         | SO         | Time       | 
CD009519   : 0.642857   | 0.268657   | 0.610169   | 0.955124   | 0.0033     |
CD011984   : 0.79918    | 0.235507   | 0.731813   | 0.797555   | 0.0045     |
CD011975   : 0.808725   | 0.248967   | 0.744357   | 0.763499   | 0.0046     |
Time Taken :1.2949
