Topic      : Recall     | Precision  | F5         | SO         | Time       | 
CD009519   : 0.452381   | 0.487179   | 0.453627   | 0.986939   | 11.4201    |
CD011984   : 0.289474   | 0.385965   | 0.292284   | 0.958191   | 16.4889    |
CD011975   : 0.291925   | 0.398305   | 0.294955   | 0.942341   | 18.156     |
Time Taken :46.0921
