Topic      : Recall     | Precision  | F5         | SO         | Time       | 
CD009519   : 0.428571   | 0.461538   | 0.429752   | 0.982585   | 2.6201     |
CD011984   : 0.286885   | 0.414201   | 0.290317   | 0.95868    | 5.8527     |
CD011975   : 0.322148   | 0.355556   | 0.323316   | 0.934034   | 5.7364     |
Time Taken :14.2828
