Topic      : Recall     | Precision  | F5         | SO         | Time       | 
CD009519   : 0.489796   | 0.470588   | 0.489028   | 0.98292    | 2.6108     |
CD011984   : 0.290476   | 0.396104   | 0.293486   | 0.962347   | 5.7837     |
CD011975   : 0.311321   | 0.407407   | 0.314171   | 0.94063    | 5.7281     |
Time Taken :14.2131
