Topic      : Recall     | Precision  | F5         | SO         | Time       | 
CD009519   : 0.365385   | 0.612903   | 0.37115    | 0.989618   | 11.225     |
CD011984   : 0.246862   | 0.390728   | 0.250408   | 0.963081   | 19.376     |
CD011975   : 0.298246   | 0.352697   | 0.300027   | 0.941119   | 18.4049    |
Time Taken :49.182
