Topic      : Recall     | Precision  | F5         | SO         | Time       | 
CD009519   : 0.303571   | 0.607143   | 0.309524   | 0.990623   | 0.4262     |
CD011984   : 0.290984   | 0.486301   | 0.295549   | 0.964303   | 0.693      |
CD011975   : 0.305369   | 0.379167   | 0.307672   | 0.941363   | 0.942      |
Time Taken :2.0962
