Topic      : Recall     | Precision  | F5         | SO         | Time       | 
CD009519   : 0.897959   | 0.221106   | 0.803371   | 0.933356   | 1.7449     |
CD011984   : 0.82381    | 0.234417   | 0.751169   | 0.81956    | 4.8292     |
CD011975   : 0.852201   | 0.28112    | 0.790442   | 0.764476   | 5.2671     |
Time Taken :11.8827
