Topic      : Recall     | Precision  | F5         | SO         | Time       | 
CD009519   : 0.97619    | 0.183857   | 0.837392   | 0.925318   | 1.9211     |
CD011984   : 0.864035   | 0.219866   | 0.776531   | 0.780929   | 4.9263     |
CD011975   : 0.838509   | 0.280957   | 0.779048   | 0.765209   | 5.2361     |
Time Taken :12.1267
