Topic      : Recall     | Precision  | F5         | SO         | Time       | 
CD009519   : 0.25       | 0.538462   | 0.255259   | 0.991293   | 11.0962    |
CD011984   : 0.204918   | 0.396825   | 0.208802   | 0.969193   | 18.5498    |
CD011975   : 0.248322   | 0.375635   | 0.251602   | 0.951869   | 17.8807    |
Time Taken :47.6148
