Topic      : Recall     | Precision  | F5         | SO         | Time       | 
CD009519   : 0.808511   | 0.219653   | 0.732938   | 0.942063   | 0.0032     |
CD011984   : 0.84058    | 0.211165   | 0.754126   | 0.798533   | 0.0053     |
CD011975   : 0.772436   | 0.255297   | 0.716606   | 0.769362   | 0.0045     |
Time Taken :1.5294
