Topic      : Recall     | Precision  | F5         | SO         | Time       | 
CD009519   : 0.75       | 0.267123   | 0.701245   | 0.951105   | 0.0032     |
CD011984   : 0.761506   | 0.2275     | 0.69845    | 0.804401   | 0.0051     |
CD011975   : 0.835088   | 0.239678   | 0.762257   | 0.757391   | 0.0055     |
Time Taken :1.384
