Topic      : Recall     | Precision  | F5         | SO         | Time       | 
CD009519   : 0.346939   | 0.548387   | 0.351911   | 0.989618   | 10.8742    |
CD011984   : 0.228571   | 0.342857   | 0.23154    | 0.96577    | 18.3802    |
CD011975   : 0.232704   | 0.349057   | 0.235727   | 0.948204   | 18.2317    |
Time Taken :47.5558
