Topic      : Recall     | Precision  | F5         | SO         | Time       | 
CD009519   : 0.531915   | 0.403226   | 0.525465   | 0.979236   | 2.7208     |
CD011984   : 0.362319   | 0.367647   | 0.362521   | 0.950122   | 5.7483     |
CD011975   : 0.330128   | 0.362676   | 0.331272   | 0.930613   | 5.7513     |
Time Taken :14.3101
