Topic      : Recall     | Precision  | F5         | SO         | Time       | 
CD009519   : 0.833333   | 0.283688   | 0.775541   | 0.95278    | 0.0134     |
CD011984   : 0.71831    | 0.233945   | 0.665329   | 0.840098   | 0.1465     |
CD011975   : 0.688679   | 0.326379   | 0.66048    | 0.836062   | 0.21       |
Time Taken :0.3751
