Topic      : Recall     | Precision  | F5         | SO         | Time       | 
CD009519   : 0.973684   | 0.030303   | 0.443114   | 0.591092   | 0.0366     |
CD011984   : 0.943478   | 0.132398   | 0.763567   | 0.599267   | 0.1681     |
CD011975   : 0.905229   | 0.171093   | 0.776999   | 0.604447   | 0.2952     |
Time Taken :0.5048
