Topic      : Recall     | Precision  | F5         | SO         | Time       | 
CD009519   : 1.0        | 0.0375     | 0.503226   | 0.571333   | 0.0293     |
CD011984   : 0.887324   | 0.124424   | 0.718001   | 0.628606   | 0.1823     |
CD011975   : 0.902516   | 0.183857   | 0.784565   | 0.618617   | 0.2802     |
Time Taken :0.4966
