Topic      : Recall     | Precision  | F5         | SO         | Time       | 
CD009519   : 0.868421   | 0.244444   | 0.790783   | 0.954789   | 0.0173     |
CD011984   : 0.773913   | 0.240216   | 0.712987   | 0.818826   | 0.1323     |
CD011975   : 0.702614   | 0.320896   | 0.671875   | 0.836306   | 0.223      |
Time Taken :0.3778
