Topic      : Recall     | Precision  | F5         | SO         | Time       | 
CD009519   : 0.9        | 0.108959   | 0.703548   | 0.861688   | 1.0379     |
CD011984   : 0.774038   | 0.160839   | 0.675052   | 0.755257   | 1.6011     |
CD011975   : 0.795222   | 0.199657   | 0.713377   | 0.714879   | 1.6621     |
Time Taken :4.3059
