Topic      : Recall     | Precision  | F5         | SO         | Time       | 
CD009519   : 0.84       | 0.276316   | 0.778887   | 0.949096   | 0.0131     |
CD011984   : 0.783654   | 0.241124   | 0.721239   | 0.834719   | 0.1611     |
CD011975   : 0.754266   | 0.28776    | 0.709996   | 0.812363   | 0.2578     |
Time Taken :0.4385
