Topic      : Recall     | Precision  | F5         | SO         | Time       | 
CD009519   : 1.0        | 0.085973   | 0.70977    | 0.851976   | 0.0125     |
CD011984   : 0.856522   | 0.209574   | 0.76562    | 0.770171   | 0.0342     |
CD011975   : 0.856209   | 0.246704   | 0.78191    | 0.740533   | 0.0524     |
Time Taken :0.1042
