Topic      : Recall     | Precision  | F5         | SO         | Time       | 
CD009519   : 0.960784   | 0.06834    | 0.639558   | 0.759879   | 0.002      |
CD011984   : 0.949074   | 0.165056   | 0.802469   | 0.696333   | 0.0031     |
CD011975   : 0.914754   | 0.216615   | 0.813867   | 0.685316   | 0.0031     |
Time Taken :0.4678
