Topic      : Recall     | Precision  | F5         | SO         | Time       | 
CD009519   : 0.924528   | 0.069701   | 0.628205   | 0.764568   | 0.0017     |
CD011984   : 0.927602   | 0.181899   | 0.801263   | 0.72445    | 0.0024     |
CD011975   : 0.886076   | 0.236486   | 0.801409   | 0.710726   | 0.0025     |
Time Taken :0.4799
