Topic      : Recall     | Precision  | F5         | SO         | Time       | 
CD009519   : 0.960784   | 0.138028   | 0.781595   | 0.881112   | 0.0114     |
CD011984   : 0.833333   | 0.208092   | 0.747007   | 0.788509   | 0.0375     |
CD011975   : 0.819672   | 0.251509   | 0.754148   | 0.757146   | 0.0481     |
Time Taken :0.102
