Topic      : Recall     | Precision  | F5         | SO         | Time       | 
CD009519   : 0.90566    | 0.105263   | 0.70073    | 0.847287   | 1.0305     |
CD011984   : 0.828054   | 0.166667   | 0.718406   | 0.73154    | 1.4901     |
CD011975   : 0.775316   | 0.210481   | 0.70278    | 0.715612   | 1.6863     |
Time Taken :4.2117
