Topic      : Recall     | Precision  | F5         | SO         | Time       | 
CD009519   : 0.98       | 0.130319   | 0.783518   | 0.874079   | 0.0105     |
CD011984   : 0.846154   | 0.194475   | 0.74955    | 0.778729   | 0.0408     |
CD011975   : 0.8157     | 0.236868   | 0.74562    | 0.753482   | 0.0562     |
Time Taken :0.1127
