Topic      : Recall     | Precision  | F5         | SO         | Time       | 
CD009519   : 0.94       | 0.043762   | 0.525818   | 0.640322   | 0.0305     |
CD011984   : 0.956731   | 0.124531   | 0.761106   | 0.609291   | 0.1876     |
CD011975   : 0.866894   | 0.164508   | 0.744616   | 0.622771   | 0.3159     |
Time Taken :0.5396
