Topic      : Recall     | Precision  | F5         | SO         | Time       | 
CD009519   : 0.960784   | 0.128272   | 0.768859   | 0.87207    | 1.0385     |
CD011984   : 0.828704   | 0.160682   | 0.714461   | 0.727628   | 1.5036     |
CD011975   : 0.809836   | 0.224342   | 0.735961   | 0.731004   | 1.7119     |
Time Taken :4.2588
