Topic      : Recall     | Precision  | F5         | SO         | Time       | 
CD009519   : 0.716981   | 0.296875   | 0.679972   | 0.957133   | 0.0127     |
CD011984   : 0.723982   | 0.273504   | 0.680851   | 0.856968   | 0.1388     |
CD011975   : 0.667722   | 0.334921   | 0.643142   | 0.846079   | 0.2087     |
Time Taken :0.3651
