Topic      : Recall     | Precision  | F5         | SO         | Time       | 
CD009519   : 1.0        | 0.043404   | 0.541224   | 0.606497   | 0.0298     |
CD011984   : 0.935185   | 0.125      | 0.748575   | 0.60489    | 0.1783     |
CD011975   : 0.901639   | 0.168093   | 0.772055   | 0.600293   | 0.2916     |
Time Taken :0.5043
