Topic      : Recall     | Precision  | F5         | SO         | Time       | 
CD009519   : 0.979167   | 0.137026   | 0.791964   | 0.885131   | 0.0132     |
CD011984   : 0.812207   | 0.168452   | 0.708123   | 0.7489     | 0.0474     |
CD011975   : 0.845912   | 0.275051   | 0.783378   | 0.761055   | 0.042      |
Time Taken :0.1083
