Topic      : Recall     | Precision  | F5         | SO         | Time       | 
CD009519   : 0.96       | 0.080402   | 0.67569    | 0.800067   | 0.0025     |
CD011984   : 0.923077   | 0.168421   | 0.787382   | 0.721271   | 0.0035     |
CD011975   : 0.904437   | 0.210819   | 0.802843   | 0.69289    | 0.0035     |
Time Taken :0.5461
