Topic      : Recall     | Precision  | F5         | SO         | Time       | 
CD009519   : 0.947368   | 0.046632   | 0.543554   | 0.74146    | 0.0016     |
CD011984   : 0.943478   | 0.180683   | 0.811682   | 0.706357   | 0.0024     |
CD011975   : 0.901961   | 0.214786   | 0.803134   | 0.686049   | 0.0025     |
Time Taken :0.4592
