Topic      : Recall     | Precision  | F5         | SO         | Time       | 
CD009519   : 0.849057   | 0.165441   | 0.732624   | 0.908908   | 0.0118     |
CD011984   : 0.828054   | 0.198267   | 0.737903   | 0.774328   | 0.0318     |
CD011975   : 0.806962   | 0.262076   | 0.747211   | 0.762277   | 0.039      |
Time Taken :0.0877
