Topic      : Recall     | Precision  | F5         | SO         | Time       | 
CD009519   : 0.979167   | 0.065187   | 0.636127   | 0.75854    | 0.0016     |
CD011984   : 0.86385    | 0.163847   | 0.741935   | 0.725428   | 0.0024     |
CD011975   : 0.871069   | 0.224473   | 0.78419    | 0.69851    | 0.0025     |
Time Taken :0.4519
