Topic      : Recall     | Precision  | F5         | SO         | Time       | 
CD009519   : 0.72549    | 0.282443   | 0.684211   | 0.956129   | 0.0139     |
CD011984   : 0.689815   | 0.252115   | 0.646637   | 0.855501   | 0.1421     |
CD011975   : 0.67541    | 0.317411   | 0.647329   | 0.841437   | 0.2262     |
Time Taken :0.3869
