Topic      : Recall     | Precision  | F5         | SO         | Time       | 
CD009519   : 0.943396   | 0.040032   | 0.505051   | 0.581715   | 0.0288     |
CD011984   : 0.936652   | 0.122268   | 0.745636   | 0.586064   | 0.1728     |
CD011975   : 0.905063   | 0.176217   | 0.780846   | 0.603469   | 0.2733     |
Time Taken :0.48
