Topic      : Recall     | Precision  | F5         | SO         | Time       | 
CD009519   : 0.973684   | 0.08545    | 0.695589   | 0.85499    | 1.0569     |
CD011984   : 0.834783   | 0.191045   | 0.739008   | 0.754279   | 1.4974     |
CD011975   : 0.823529   | 0.209129   | 0.739921   | 0.705595   | 1.7318     |
Time Taken :4.2908
