Topic      : Recall     | Precision  | F5         | SO         | Time       | 
CD009519   : 0.9375     | 0.131965   | 0.759247   | 0.8858     | 1.0372     |
CD011984   : 0.751174   | 0.173348   | 0.665813   | 0.774328   | 1.5168     |
CD011975   : 0.845912   | 0.237004   | 0.76984    | 0.722697   | 1.7136     |
Time Taken :4.2725
