Topic      : Recall     | Precision  | F5         | SO         | Time       | 
CD009519   : 0.794118   | 0.194245   | 0.709808   | 0.933493   | 2.3913     |
CD011984   : 0.874172   | 0.202454   | 0.775243   | 0.772267   | 6.7603     |
CD011975   : 0.84058    | 0.264438   | 0.775587   | 0.770412   | 7.3766     |
Time Taken :16.624
