Topic      : Recall     | Precision  | F5         | SO         | Time       | 
CD009519   : 0.473684   | 0.486486   | 0.474164   | 0.982297   | 3.0972     |
CD011984   : 0.326797   | 0.322581   | 0.326633   | 0.945861   | 5.6318     |
CD011975   : 0.352941   | 0.295567   | 0.350326   | 0.92917    | 5.6796     |
Time Taken :14.5036
