Topic      : Recall     | Precision  | F5         | SO         | Time       | 
CD009519   : 0.5        | 0.62963    | 0.503991   | 0.987081   | 0.4548     |
CD011984   : 0.298013   | 0.36       | 0.3        | 0.95634    | 1.1828     |
CD011975   : 0.328502   | 0.397661   | 0.330715   | 0.940335   | 1.5577     |
Time Taken :3.227
