Topic      : Recall     | Precision  | F5         | SO         | Time       | 
CD009519   : 0.78125    | 0.217391   | 0.710383   | 0.944976   | 0.0081     |
CD011984   : 0.846626   | 0.236301   | 0.770122   | 0.796018   | 0.0044     |
CD011975   : 0.774059   | 0.283308   | 0.725709   | 0.772156   | 0.0051     |
Time Taken :1.0155
