Topic      : Recall     | Precision  | F5         | SO         | Time       | 
CD009519   : 0.735294   | 0.19084    | 0.662589   | 0.937321   | 0.0077     |
CD011984   : 0.847682   | 0.20712    | 0.757569   | 0.784143   | 0.005      |
CD011975   : 0.821256   | 0.242857   | 0.75234    | 0.755757   | 0.0056     |
Time Taken :1.0599
