Topic      : Recall     | Precision  | F5         | SO         | Time       | 
CD009519   : 0.56       | 0.333333   | 0.545727   | 0.979904   | 3.1493     |
CD011984   : 0.369565   | 0.320755   | 0.367415   | 0.944464   | 5.5369     |
CD011975   : 0.331878   | 0.406417   | 0.334235   | 0.934752   | 5.6664     |
Time Taken :14.4673
