Topic      : Recall     | Precision  | F5         | SO         | Time       | 
CD009519   : 0.84       | 0.196262   | 0.745902   | 0.948804   | 0.0037     |
CD011984   : 0.876812   | 0.200997   | 0.776407   | 0.789731   | 0.0043     |
CD011975   : 0.816594   | 0.272993   | 0.758502   | 0.760991   | 0.005      |
Time Taken :1.0287
