Topic      : Recall     | Precision  | F5         | SO         | Time       | 
CD009519   : 0.833333   | 0.267857   | 0.770751   | 0.946411   | 2.4116     |
CD011984   : 0.891566   | 0.248739   | 0.810959   | 0.792176   | 6.8877     |
CD011975   : 0.85       | 0.257186   | 0.780781   | 0.769365   | 7.4701     |
Time Taken :16.8298
