Topic      : Recall     | Precision  | F5         | SO         | Time       | 
CD009519   : 0.3125     | 0.47619    | 0.316687   | 0.989952   | 16.4504    |
CD011984   : 0.239264   | 0.342105   | 0.242063   | 0.960182   | 26.3278    |
CD011975   : 0.292887   | 0.4        | 0.295935   | 0.938939   | 26.5132    |
Time Taken :69.3466
