Topic      : Recall     | Precision  | F5         | SO         | Time       | 
CD009519   : 0.921053   | 0.224359   | 0.822785   | 0.925359   | 2.4655     |
CD011984   : 0.875817   | 0.212361   | 0.781867   | 0.779602   | 6.9169     |
CD011975   : 0.829412   | 0.223101   | 0.750922   | 0.779484   | 7.411      |
Time Taken :16.8556
