Topic      : Recall     | Precision  | F5         | SO         | Time       | 
CD009519   : 0.805556   | 0.278846   | 0.750996   | 0.950239   | 0.0037     |
CD011984   : 0.855422   | 0.243568   | 0.780055   | 0.796367   | 0.0049     |
CD011975   : 0.86       | 0.245014   | 0.784286   | 0.755059   | 0.005      |
Time Taken :1.0084
