Topic      : Recall     | Precision  | F5         | SO         | Time       | 
CD009519   : 0.5        | 0.459459   | 0.498309   | 0.982297   | 3.1158     |
CD011984   : 0.331126   | 0.35461    | 0.331971   | 0.950751   | 5.5897     |
CD011975   : 0.333333   | 0.377049   | 0.334826   | 0.936148   | 5.5587     |
Time Taken :14.3471
