Topic      : Recall     | Precision  | F5         | SO         | Time       | 
CD009519   : 0.447368   | 0.68       | 0.453333   | 0.988038   | 16.5658    |
CD011984   : 0.254902   | 0.393939   | 0.25841    | 0.965421   | 27.1108    |
CD011975   : 0.3        | 0.312883   | 0.300476   | 0.943126   | 28.7016    |
Time Taken :72.4387
