Topic      : Recall     | Precision  | F5         | SO         | Time       | 
CD009519   : 0.4375     | 0.7        | 0.443902   | 0.990431   | 0.4598     |
CD011984   : 0.288344   | 0.401709   | 0.291508   | 0.959134   | 1.1225     |
CD011975   : 0.292887   | 0.4        | 0.295935   | 0.938939   | 1.2443     |
Time Taken :2.8635
