Topic      : Recall     | Precision  | F5         | SO         | Time       | 
CD009519   : 0.84375    | 0.2        | 0.750802   | 0.935407   | 2.3107     |
CD011984   : 0.858896   | 0.225443   | 0.775128   | 0.783095   | 6.5999     |
CD011975   : 0.794979   | 0.290076   | 0.745098   | 0.771458   | 7.1708     |
Time Taken :16.1338
