Topic      : Recall     | Precision  | F5         | SO         | Time       | 
CD009519   : 0.6        | 0.714286   | 0.603715   | 0.989952   | 0.4111     |
CD011984   : 0.318841   | 0.37931    | 0.320808   | 0.959483   | 1.1892     |
CD011975   : 0.305677   | 0.419162   | 0.308893   | 0.941731   | 1.4128     |
Time Taken :3.0514
