Topic      : Recall     | Precision  | F5         | SO         | Time       | 
CD009519   : 0.88       | 0.151724   | 0.742857   | 0.930622   | 2.4872     |
CD011984   : 0.876812   | 0.200997   | 0.776407   | 0.789731   | 6.8443     |
CD011975   : 0.80786    | 0.281155   | 0.753564   | 0.770412   | 7.3485     |
Time Taken :16.7483
