Topic      : Recall     | Precision  | F5         | SO         | Time       | 
CD009519   : 0.625      | 0.363636   | 0.608187   | 0.973684   | 3.0571     |
CD011984   : 0.355828   | 0.467742   | 0.359133   | 0.956689   | 5.4525     |
CD011975   : 0.309623   | 0.435294   | 0.3131     | 0.940684   | 5.5522     |
Time Taken :14.1613
