Topic      : Recall     | Precision  | F5         | SO         | Time       | 
CD009519   : 0.421053   | 0.727273   | 0.427984   | 0.989474   | 0.4432     |
CD011984   : 0.294118   | 0.387931   | 0.296879   | 0.959483   | 1.2808     |
CD011975   : 0.4        | 0.350515   | 0.39784    | 0.93231    | 1.6914     |
Time Taken :3.4562
