Topic      : Recall     | Precision  | F5         | SO         | Time       | 
CD009519   : 0.6        | 0.535714   | 0.597243   | 0.986603   | 17.6415    |
CD011984   : 0.318841   | 0.376068   | 0.320718   | 0.959134   | 27.967     |
CD011975   : 0.244541   | 0.386207   | 0.248041   | 0.949407   | 26.7229    |
Time Taken :72.395
