Topic      : Recall     | Precision  | F5         | SO         | Time       | 
CD009519   : 0.264706   | 0.75       | 0.271462   | 0.994258   | 17.0427    |
CD011984   : 0.298013   | 0.428571   | 0.301546   | 0.963325   | 26.4305    |
CD011975   : 0.289855   | 0.335196   | 0.291371   | 0.937544   | 26.4645    |
Time Taken :69.9723
