Topic      : Recall     | Precision  | F5         | SO         | Time       | 
CD009519   : 0.277778   | 0.357143   | 0.280172   | 0.986603   | 3.1494     |
CD011984   : 0.361446   | 0.425532   | 0.363552   | 0.950751   | 5.6078     |
CD011975   : 0.34       | 0.390805   | 0.341709   | 0.939288   | 5.5829     |
Time Taken :14.4687
