Topic      : Recall     | Precision  | F5         | SO         | Time       | 
CD009519   : 0.868421   | 0.286957   | 0.805634   | 0.944976   | 0.0036     |
CD011984   : 0.895425   | 0.220612   | 0.80117    | 0.783095   | 0.0045     |
CD011975   : 0.829412   | 0.215596   | 0.747553   | 0.771807   | 0.0044     |
Time Taken :1.0557
