Topic      : Recall     | Precision  | F5         | SO         | Time       | 
CD009519   : 0.388889   | 0.583333   | 0.393939   | 0.988517   | 16.6148    |
CD011984   : 0.295181   | 0.466667   | 0.299412   | 0.963325   | 28.5199    |
CD011975   : 0.335      | 0.403614   | 0.337205   | 0.94208    | 26.7342    |
Time Taken :71.9146
