Topic      : Recall     | Precision  | F5         | SO         | Time       | 
CD009519   : 0.333333   | 0.666667   | 0.339869   | 0.991388   | 0.4623     |
CD011984   : 0.301205   | 0.431034   | 0.304735   | 0.959483   | 1.1633     |
CD011975   : 0.415      | 0.42132    | 0.41524    | 0.931263   | 1.3307     |
Time Taken :3.0077
